%decreazing power of z
B1d = [0.028610416823745   0.021311700200191   0.028610416823745]
A1d = [1.000000000000000  -1.446496269911094   0.652574251101253]
B2d = [1.000000000000000  -0.682825740424192   1.000000000000000]
A2d = [1.000000000000000  -1.199791633710746   0.908816152900153]
